0175
0176
0177
0178
0180
0181
0182
0183
0184
0185
0196
0197
0262
0511
0512
0534
0550
0569
0570
0571
0574
0577
0578
0579
0580
0584
0585
0586
0595
0596
0597
0601
0602
0603
0607
0608
0610
0612
0613
0614
0615
0618
0619
0620
0626
0627
1045
1050
1068
1069
1070
1075
1076
1077
1082
1083
1084
1097
1098
1107
1112
1113
1126
1127
1132
1141
1142
1148
1149
1158
1159
1164
1173
1174
1179
1193
1194
1204
1205
1211
1212
1225
1241
1251
1264
1270
1280
1285
1294
1303
1308
1321
1322
1327
1336
1341
1350
1355
1364
1369
1378
1384
1393
1398
1407
1412
1421
1435
1440
1445
1454
1459
1468
1479
1484
1495
1501
1511
1517
1527
1532
1543
1549
1555
1565
1571
1581
1587
1596
1607
1613
1623
1633
1635
1645
1651
1661
1667
1677
1683
1693
1699
1709
1715
1729
1731
1741
1747
1757
1767
1777
1783
1789
1795
1809
1811
1821
1831
1841
1843
1853
1867
1873
1875
1890
1892
1907
1917
1919
1934
1939
1949
1951
1965
1972
1978
1988
1990
2004
2010
2020
2026
2041
2051
2066
2072
2082
2084
2112
2118
2142
2153
2159
2173
2175
2199
2205
2228
2230
2238
2252
2253
2292
2298
2308
2314
2324
2329
2339
2346
2356
2362
2372
2377
2388
2394
2474
2480
2494
2504
2668
2669
2686
2687
2688
2701
2720
2738
2752
2783
2793
2820
2837
2853
2854
2893
2922
2978
2984
2985
2986
2987
2988
2989
2990
2991
2993
2994
2995
3050
3051
3052
3053
3054
3055
3056
3057
3058
3059
3060
3061
3087
3089
3103
3118
3124
3126
3140
3150
3156
3166
3172
3182
3188
3198
3204
3214
3220
3230
3236
3246
3252
3262
3268
3278
3293
3308
3322
3328
3338
3358
3368
3374
3384
3390
3401
3415
3421
3436
3451
3465
3475
3482
